 10000.000000
 10382.119965
 10778.841496
 11190.722549
 11618.342399
 12062.302458
 12523.227117
 13001.764627
 13498.588011
 14014.396008
 14549.914059
 15105.895324
 15683.121742
 16282.405135
 16904.588342
 17550.546412
 18221.187829
 18917.455794
 19640.329548
 20390.825751
 21169.999913
 21978.947874
 22818.807353
 23690.759538
 24596.030758
 25535.894198
 26511.671697
 27524.735602
 28576.510701
 29668.476227
 30802.167936
 31979.180268
 33201.168591
 34469.851528
 35787.013372
 37154.506600
 38574.254475
 40048.253751
 41578.577481
 43167.377937
 44816.889630
