 10000.000000
 10382.031250
 10778.657288
 11190.435679
 11617.945292
 12061.787109
 12522.585069
 13000.986952
 13497.665282
 14013.318276
 14548.670825
 15104.475515
 15681.513682
 16280.596509
 16902.566172
 17548.297021
 18218.696805
 18914.707957
 19637.308909
 20387.515476
 21166.382278
 21975.004226
 22814.518060
 23686.103945
 24590.987135
 25530.439690
 26505.782269
 27518.385982
 28569.674322
 29661.125161
 30794.272833
 31970.710287
 33192.091329
 34460.132943
 35776.617709
 37143.396308
 38562.390120
 40035.593930
 41565.078729
 43152.994627
 44801.573875
